0 23275 1
0 12146 1
0 8229 1
0 7194 1
0 16153 1
0 23179 1
0 5943 1
0 130 1
0 12388 1
0 13538 1
0 2146 1
0 132 1
0 67 1
0 16211 1
0 6238 1
0 10 1
0 22241 1
0 8030 1
0 12929 1
1 10850 1
1 11890 1
1 8260 1
2 11890 1
2 1646 1
2 11892 1
2 23386 1
2 5892 1
3 132 1
3 15087 1
3 298 1
3 9607 1
3 23501 1
3 2492 1
3 7194 1
3 16211 1
3 19932 1
3 130 1
3 12388 1
3 12929 1
4 5006 1
4 6808 1
4 15820 1
4 15573 1
4 15552 1
4 21124 1
4 15763 1
4 15790 1
4 15556 1
4 175 1
4 3010 1
4 383 1
4 15636 1
4 18340 1
4 15812 1
4 15754 1
4 15576 1
4 15713 1
5 23422 1
5 19550 1
5 15164 1
5 19680 1
5 11845 1
5 19332 1
5 5806 1
5 2609 1
5 7505 1
5 12164 1
6 15010 1
6 23275 1
6 12146 1
6 16153 1
6 7194 1
6 12 1
6 23179 1
6 130 1
6 12388 1
6 13075 1
6 132 1
6 67 1
6 22794 1
6 10 1
6 12929 1
6 15099 1
7 18040 1
7 788 1
7 3489 1
7 12061 1
7 20070 1
7 17215 1
7 18059 1
7 5719 1
7 3662 1
7 4857 1
7 3176 1
7 8988 1
7 12048 1
7 12240 1
8 4881 1
8 2992 1
8 1401 1
8 5369 1
8 2978 1
8 11104 1
8 19204 1
8 816 1
8 15172 1
8 3582 1
9 11078 1
9 17267 1
9 11108 1
9 21524 1
9 22897 1
9 8989 1
10 16001 1
10 23272 1
10 13270 1
10 1983 1
10 94 1
10 2483 1
10 4207 1
10 1999 1
10 23 1
11 13073 1
11 184 1
11 14279 1
11 18559 1
11 23562 1
11 12 1
12 591 1
12 14433 1
12 7103 1
12 13400 1
12 13786 1
12 19986 1
12 16505 1
